Accuracy: 0.8968792401628223
F1 Score: 0.9076175040518638
Precison: 0.8895949166004765
Recall: 0.9263854425144747